Dirf|2016|2015|N||L35QJS2|
RESPO|95515224191|Keila Terra de Arruda Vasconcelos|67|84235294|||keila.terra@kaizen2business.com.br|
DECPJ|20462411000106|KAIZEN DESENVOLVIMENTO DE SOFTWARES                                                                                                                   |0|95515224191|N|N|N|N|N|N|N|N||
IDREC|0561|
BPFDEC|00205599176|Anderson Vasconcelos                                        ||
RTRT|0000000150000|0000000150000|0000000150000|0000000150000|0000000150000|0000000000000|0000000000000|0000000000000|0000000000000|0000000000000|0000000000000|0000000000000||
RTPO|0000000016500|0000000016500|0000000016500|0000000016500|0000000016500|0000000000000|0000000000000|0000000000000|0000000000000|0000000000000|0000000000000|0000000000000||
RTDP|0000000017991|0000000017991|0000000017991|0000000018959|0000000018959|0000000000000|0000000000000|0000000000000|0000000000000|0000000000000|0000000000000|0000000000000||
BPFDEC|03512849156|Victor Borges Jussiani                                      ||
RTRT|0000000150000|0000000150000|0000000150000|0000000150000|0000000150000|0000000250000|0000000250000|0000000250000|0000000250000|0000000250000|0000000300000|0000000300000||
RTPO|0000000016500|0000000016500|0000000016500|0000000016500|0000000016500|0000000027500|0000000027500|0000000027500|0000000027500|0000000027500|0000000033000|0000000033000||
RTIRF|0000000000000|0000000000000|0000000000000|0000000000000|0000000000000|0000000002407|0000000002407|0000000002407|0000000002407|0000000002407|0000000005745|0000000005745||
BPFDEC|95515224191|Keila Terra de Arruda Vasconcelos                           ||
RTRT|0000000150000|0000000150000|0000000150000|0000000150000|0000000150000|0000000150000|0000000150000|0000000150000|0000000150000|0000000150000|0000000150000|0000000150000||
RTPO|0000000016500|0000000016500|0000000016500|0000000016500|0000000016500|0000000016500|0000000016500|0000000016500|0000000016500|0000000016500|0000000016500|0000000016500||
FIMDirf|