Dirf|2015|2014|N||M1LB5V2|
RESPO|07155315737|EDUARDO TEIXEIRA DE SOUSA                                   |21|988743354|||eduardo.sousa@etssolucoes.com.br                  |
DECPJ|17659774000121|ETS SOLUCOES EM TELECOM E SEG.                                                                                                                        |0|07155315737|N|N|N|N|N|N|N||
IDREC|0561|
BPFDEC|07155315737|EDUARDO TEIXEIRA DE SOUSA                                   ||
RTRT|0000000000000|0000000000000|0000000000000|0000000000000|0000000000000|0000000217200|0000000217200|0000000217200|0000000000000|0000000000000|0000000217200|0000000217200||
RTPO|0000000000000|0000000000000|0000000000000|0000000000000|0000000000000|0000000023892|0000000023892|0000000023892|0000000000000|0000000000000|0000000023892|0000000023892||
RTIRF|0000000000000|0000000000000|0000000000000|0000000000000|0000000000000|0000000001090|0000000001090|0000000001090|0000000000000|0000000000000|0000000001090|0000000001090||
BPFDEC|07676803837|SILVIO MEIRELLES                                            ||
RTRT|0000000000000|0000000000000|0000000000000|0000000000000|0000000000000|0000000217200|0000000217200|0000000217200|0000000000000|0000000000000|0000000000000|0000000000000||
RTPO|0000000000000|0000000000000|0000000000000|0000000000000|0000000000000|0000000023892|0000000023892|0000000023892|0000000000000|0000000000000|0000000000000|0000000000000||
RTIRF|0000000000000|0000000000000|0000000000000|0000000000000|0000000000000|0000000001090|0000000001090|0000000001090|0000000000000|0000000000000|0000000000000|0000000000000||
IDREC|0588|
BPFDEC|13624001736|VIKTOR DE ALMEIDA DIAS                                      ||
RTRT|0000000000000|0000000000000|0000000000000|0000000000000|0000000000000|0000000000000|0000000000000|0000000000000|0000000000000|0000000029762|0000000000000|0000000000000||
RTPO|0000000000000|0000000000000|0000000000000|0000000000000|0000000000000|0000000000000|0000000000000|0000000000000|0000000000000|0000000003274|0000000000000|0000000000000||
BPFDEC|15278740795|FILIPE DA COSTA LAGUNA CARDOSO                              ||
RTRT|0000000000000|0000000000000|0000000000000|0000000000000|0000000000000|0000000000000|0000000000000|0000000009750|0000000009524|0000000000000|0000000000000|0000000000000||
RTPO|0000000000000|0000000000000|0000000000000|0000000000000|0000000000000|0000000000000|0000000000000|0000000001072|0000000001048|0000000000000|0000000000000|0000000000000||
FIMDirf|