Dirf|2015|2014|N||M1LB5V2|
RESPO|08205896836|Vitor Maradei|11|964991742|||vitor@contadoramigo.com.br|
DECPJ|22100250000136|Empresa Teste                                                                                                                                         |0|08205896836|N|N|N|N|N|N|N||
IDREC|0561|
BPFDEC|08205896836|Vitor Maradei                                               ||
RTRT|0000000000000|0000001000000|0000000000000|0000000000000|0000000000000|0000000250000|0000000150000|0000000500000|0000000600000|0000000072400|0000000000000|0000000070000||
RTPO|0000000000000|0000000096586|0000000000000|0000000000000|0000000000000|0000000027500|0000000016500|0000000045749|0000000048293|0000000000000|0000000000000|0000000007964||
RTIRF|0000000000000|0000000083210|0000000000000|0000000000000|0000000000000|0000000003279|0000000000000|0000000041132|0000000069104|0000000000000|0000000000000|0000000000000||
RIL96|0000004900000|
IDREC|0588|
BPFDEC|29368310831|Pedro Oliveira                                              ||
RTRT|0000000000000|0000000000000|0000000150000|0000000000000|0000000000000|0000000000000|0000000000000|0000000000000|0000000180000|0000000000000|0000000000000|0000000000000||
RTPO|0000000000000|0000000000000|0000000016500|0000000000000|0000000000000|0000000000000|0000000000000|0000000000000|0000000019800|0000000000000|0000000000000|0000000000000||
RTDP|0000000000000|0000000000000|0000000017971|0000000000000|0000000000000|0000000000000|0000000000000|0000000000000|0000000017971|0000000000000|0000000000000|0000000000000||
BPFDEC|33151441840|Joao da Silva                                               ||
RTRT|0000001500000|0000001500000|0000000000000|0000000000000|0000000155500|0000000350000|0000000000000|0000000000000|0000000000000|0000000000000|0000000100000|0000000000000||
RTPO|0000000048293|0000000048293|0000000000000|0000000000000|0000000017105|0000000038500|0000000000000|0000000000000|0000000000000|0000000000000|0000000011000|0000000000000||
RTDP|0000000053913|0000000053913|0000000000000|0000000000000|0000000053913|0000000053913|0000000000000|0000000000000|0000000000000|0000000000000|0000000053913|0000000000000||
RTIRF|0000000301778|0000000301778|0000000000000|0000000000000|0000000000000|0000000005911|0000000000000|0000000000000|0000000000000|0000000000000|0000000000000|0000000000000||
BPFDEC|98269836834|Maria Paulina de Assis                                      ||
RTRT|0000001500000|0000000000000|0000000000000|0000000000000|0000000156000|0000000156500|0000000000000|0000000000000|0000000120000|0000000000000|0000000000000|0000000000000||
RTPO|0000000048293|0000000000000|0000000000000|0000000000000|0000000017160|0000000017215|0000000000000|0000000000000|0000000013200|0000000000000|0000000000000|0000000000000||
RTIRF|0000000316604|0000000000000|0000000000000|0000000000000|0000000000000|0000000000000|0000000000000|0000000000000|0000000000000|0000000000000|0000000000000|0000000000000||
IDREC|1708|
BPJDEC|15556700000134|Fornecedora de Bauru                                                                                                                                  |
RTRT|0000000000000|0000000000000|0000000000000|0000000000000|0000001310779|0000000000000|0000000000000|0000000000000|0000000000000|0000000000000|0000000700000|0000000000000||
RTIRF|0000000000000|0000000000000|0000000000000|0000000000000|0000000019662|0000000000000|0000000000000|0000000000000|0000000000000|0000000000000|0000000010500|0000000000000||
BPJDEC|15556741000120|Fornecedora de SP                                                                                                                                     |
RTRT|0000000150000|0000000000000|0000000000000|0000000000000|0000000318456|0000000000000|0000000000000|0000000000000|0000000000000|0000000000000|0000003100000|0000000000000||
RTIRF|0000000002250|0000000000000|0000000000000|0000000000000|0000000000000|0000000000000|0000000000000|0000000000000|0000000000000|0000000000000|0000000016500|0000000000000||
FIMDirf|