Dirf|2017|2016|N||P49VS72|
RESPO|08205896836|Joao Mascarenhas|11|964991742|||vitor@contadoramigo.com.br|
DECPJ|22100250000136|Empresa Teste                                                                                                                                         |0|08205896836|N|N|N|N|N|N|N||
IDREC|0588|
BPFDEC|29368310831|Pedro Oliveira                                              ||
RTRT|0000000100000|0000000000000|0000000000000|0000000000000|0000000000000|0000000000000|0000000000000|0000000000000|0000000000000|0000000000000|0000000000000|0000000000000||
RTPO|0000000011000|0000000000000|0000000000000|0000000000000|0000000000000|0000000000000|0000000000000|0000000000000|0000000000000|0000000000000|0000000000000|0000000000000||
RTDP|0000000018959|0000000000000|0000000000000|0000000000000|0000000000000|0000000000000|0000000000000|0000000000000|0000000000000|0000000000000|0000000000000|0000000000000||
BPFDEC|33151441840|Joao da Silva                                               ||
RTRT|0000000116000|0000000000000|0000000000000|0000000000000|0000000000000|0000000000000|0000000000000|0000000000000|0000000000000|0000000000000|0000000000000|0000000000000||
RTPO|0000000012760|0000000000000|0000000000000|0000000000000|0000000000000|0000000000000|0000000000000|0000000000000|0000000000000|0000000000000|0000000000000|0000000000000||
RTDP|0000000018959|0000000000000|0000000000000|0000000000000|0000000000000|0000000000000|0000000000000|0000000000000|0000000000000|0000000000000|0000000000000|0000000000000||
BPFDEC|98269836834|Maria Paulina de Assis                                      ||
RTRT|0000000056300|0000000000000|0000000000000|0000000000000|0000000000000|0000000000000|0000000000000|0000000000000|0000000000000|0000000000000|0000000000000|0000000000000||
RTPO|0000000006193|0000000000000|0000000000000|0000000000000|0000000000000|0000000000000|0000000000000|0000000000000|0000000000000|0000000000000|0000000000000|0000000000000||
FIMDirf|