Dirf|2016|2015|N||L35QJS2|
RESPO|08205896836|Vitor Maradei|11|964991742|||vitormaradei@contadoramigo.com.br|
DECPJ|22100250000136|Empresa Teste                                                                                                                                         |0|08205896836|N|N|N|N|N|N|N|N||
IDREC|0561|
BPFDEC|08205896836|Vitor Maradei                                               ||
RTRT|0000001000000|0000000000000|0000000000000|0000001000000|0000000000000|0000000000000|0000000000000|0000000000000|0000000000000|0000000000000|0000000000000|0000000000000||
RTPO|0000000051301|0000000000000|0000000000000|0000000051301|0000000000000|0000000000000|0000000000000|0000000000000|0000000000000|0000000000000|0000000000000|0000000000000||
RTDP|0000000018959|0000000000000|0000000000000|0000000018959|0000000000000|0000000000000|0000000000000|0000000000000|0000000000000|0000000000000|0000000000000|0000000000000||
RTIRF|0000000103616|0000000000000|0000000000000|0000000098610|0000000000000|0000000000000|0000000000000|0000000000000|0000000000000|0000000000000|0000000000000|0000000000000||
RIPTS|0000001668056|
IDREC|0588|
BPFDEC|33151441840|Joao da Silva                                               ||
RTRT|0000001000000|0000000000000|0000000000000|0000000000000|0000000000000|0000000000000|0000000000000|0000000000000|0000000000000|0000000000000|0000000000000|0000000000000||
RTPO|0000000051301|0000000000000|0000000000000|0000000000000|0000000000000|0000000000000|0000000000000|0000000000000|0000000000000|0000000000000|0000000000000|0000000000000||
RTDP|0000000018959|0000000000000|0000000000000|0000000000000|0000000000000|0000000000000|0000000000000|0000000000000|0000000000000|0000000000000|0000000000000|0000000000000||
RTIRF|0000000173335|0000000000000|0000000000000|0000000000000|0000000000000|0000000000000|0000000000000|0000000000000|0000000000000|0000000000000|0000000000000|0000000000000||
IDREC|1708|
BPJDEC|88888888888888|ddd                                                                                                                                                   |
RTRT|0000000000000|0000000000000|0000000000000|0000000000000|0000000000000|0000000000000|0000000000000|0000000000000|0000000000000|0000000000000|0000000150000|0000000000000||
RTIRF|0000000000000|0000000000000|0000000000000|0000000000000|0000000000000|0000000000000|0000000000000|0000000000000|0000000000000|0000000000000|0000000010000|0000000000000||
FIMDirf|