Dirf|2015|2014|N||M1LB5V2|
RESPO|08205896836|Vitor Maradei|11|38154110|||vitor@vad.com.br|
DECPJ|96533310000140|VAD - Estudio Multimidia Ltda.|0|08205896836|N|N|N|N|N|N|N||
IDREC|0561|
BPFDEC||Vitor Maradei||
RTRT|100000|100000|100000|100000|100000|100000|100000|120000|120000|120000|120000|120000||
RTPO|11000|11000|11000|11000|11000|11000|11000|13200|13200|13200|13200|13200||
RTDP|53913|53913|53913|53913|53913|53913|53913|53913|53913|53913|53913|53913||
RIL96|22800741|
IDREC|0588|
BPFDEC||Carlos Alexandre Silvestri||
RTRT|000|000|000|000|000|000|000|000|000|73034|000|000||
RTPO|000|000|000|000|000|000|000|000|000|8034|000|000||
BPFDEC||Flavia Navarro da Silva Lobato||
RTRT|000|000|000|000|000|000|000|120000|000|78200|000|000||
RTPO|000|000|000|000|000|000|000|13200|000|000|000|000||
RTDP|000|000|000|000|000|000|000|17971|000|17971|000|000||
BPFDEC||Monica Lemos Amoroso||
RTRT|000|000|000|000|140000|000|000|000|000|67416|560000|000||
RTPO|000|000|000|000|15400|000|000|000|000|7416|48293|000||
RTIRF|000|000|000|000|000|000|000|000|000|000|58104|000||
BPFDEC||Neivaldo Augusto Zovico||
RTRT|000|000|000|000|000|000|000|000|000|157303|000|000||
RTPO|000|000|000|000|000|000|000|000|000|17303|000|000||
BPFDEC||Rodrigo Barreiro Costa Pereira||
RTRT|000|000|000|000|000|000|000|170000|000|000|000|000||
RTDP|000|000|000|000|000|000|000|17971|000|000|000|000||
BPFDEC||Maria Rocha dos Santos||
RTRT|000|000|000|000|27964|27964|27964|000|000|000|000|000||
RTPO|000|000|000|000|7964|7964|3076|000|000|000|000|000||
BPFDEC||Thyago de Souza Santos||
RTRT|000|000|000|000|000|000|000|000|000|73034|000|000||
RTPO|000|000|000|000|000|000|000|000|000|8034|000|000||
BPFDEC||Gabriel Lopes Fernandes da Costa||
RTRT|000|000|000|000|000|000|70000|000|000|000|000|000||
RTPO|000|000|000|000|000|000|7700|000|000|000|000|000||
BPFDEC||Emerson Rodrigues de Brito||
RTRT|000|000|000|000|000|000|35000|000|000|000|000|000||
RTPO|000|000|000|000|000|000|3850|000|000|000|000|000||
IDREC|1708|
BPJDEC|04996301000178|1650 Comunicacao S/C Ltda|
RTRT|000|000|000|000|000|000|100000|000|000|000|000|000||
RTIRF|000|000|000|000|000|000|1500|000|000|000|000|000||
BPJDEC|15218632000101|CR Munoz Assessoria Educacional Ltda|
RTRT|000|000|000|000|000|000|280000|000|000|000|000|000||
RTIRF|000|000|000|000|000|000|4200|000|000|000|000|000||
BPJDEC|15556741000120|Fabio Henrique Alessandri Ribeiro - ME|
RTRT|200000|109650|000|136000|117300|155000|105225|80500|158700|95700|150000|114025||
RTIRF|3000|1645|000|2040|1760|2325|1578|1208|2381|1435|2250|1710||
BPJDEC|16572788000140|Adriana Salerno Cruz 05496928605|
RTRT|000|000|000|000|000|000|50000|000|000|000|000|000||
BPJDEC|17752885000188|Joao Simoncello Filho 75669005872|
RTRT|000|000|000|000|000|000|000|250000|125000|122300|000|000||
BPJDEC|18709145000121|RG Texto e Imagem Ltda ME|
RTRT|000|000|000|000|000|000|140000|000|000|000|000|100000||
BPJDEC|64724974000109|Santos Muhlner Advogados Associados|
RTRT|000|000|000|000|000|000|000|000|000|32950|000|000||
RTIRF|000|000|000|000|000|000|000|000|000|494|000|000||
FIMDirf|