Dirf|2016|2015|N||L35QJS2|
RESPO|08205896836|Antonio Rosa|11|64991742|||vitor@contadoramigo.com.br|
DECPJ|96533310000140|outra 11                                                                                                                                              |0|08205896836|N|N|N|N|N|N|N|N||
IDREC|0561|
BPFDEC|08205896836|Antonio Rosa                                                ||
RTRT|0000000500000|0000000000000|0000000000000|0000000000000|0000000000000|0000000000000|0000000000000|0000000000000|0000000000000|0000000000000|0000000000000|0000000150000||
RTPO|0000000051301|0000000000000|0000000000000|0000000000000|0000000000000|0000000000000|0000000000000|0000000000000|0000000000000|0000000000000|0000000000000|0000000016500||
RTDP|0000000017971|0000000000000|0000000000000|0000000000000|0000000000000|0000000000000|0000000000000|0000000000000|0000000000000|0000000000000|0000000000000|0000000018959||
RTIRF|0000000036618|0000000000000|0000000000000|0000000000000|0000000000000|0000000000000|0000000000000|0000000000000|0000000000000|0000000000000|0000000000000|0000000000000||
IDREC|0588|
BPFDEC|30822393824|222                                                         ||
RTRT|0000000350000|0000000000000|0000000000000|0000000000000|0000000000000|0000000000000|0000000000000|0000000000000|0000000000000|0000000000000|0000000000000|0000000500000||
RTPO|0000000038500|0000000000000|0000000000000|0000000000000|0000000000000|0000000000000|0000000000000|0000000000000|0000000000000|0000000000000|0000000000000|0000000051301||
RTDP|0000000035942|0000000000000|0000000000000|0000000000000|0000000000000|0000000000000|0000000000000|0000000000000|0000000000000|0000000000000|0000000000000|0000000037918||
RTIRF|0000000007831|0000000000000|0000000000000|0000000000000|0000000000000|0000000000000|0000000000000|0000000000000|0000000000000|0000000000000|0000000000000|0000000028813||
FIMDirf|