Dirf|2015|2014|N||M1LB5V2|
RESPO|08205896836|Vitor Maradei                                               |11|038154110|||vitor@vad.com.br                                  |
DECPJ|96533310000140|VAD - Estudio Multimidia Ltda.                                                                                                                        |0|08205896836|N|N|N|N|N|N|N||
IDREC|0561|
BPFDEC|08205896836|Vitor Maradei                                               ||
RTRT|0000000100000|0000000100000|0000000100000|0000000100000|0000000100000|0000000100000|0000000100000|0000000120000|0000000120000|0000000120000|0000000120000|0000000120000||
RTPO|0000000011000|0000000011000|0000000011000|0000000011000|0000000011000|0000000011000|0000000007964|0000000013200|0000000013200|0000000013200|0000000013200|0000000013200||
RTDP|0000000053913|0000000053913|0000000053913|0000000053913|0000000053913|0000000053913|0000000053913|0000000053913|0000000053913|0000000053913|0000000053913|0000000053913||
RIL96|0000022800741|
IDREC|0588|
BPFDEC|06409470932|Carlos Alexandre Silvestri                                  ||
RTRT|0000000000000|0000000000000|0000000000000|0000000000000|0000000000000|0000000000000|0000000000000|0000000000000|0000000000000|0000000073034|0000000000000|0000000000000||
RTPO|0000000000000|0000000000000|0000000000000|0000000000000|0000000000000|0000000000000|0000000000000|0000000000000|0000000000000|0000000008034|0000000000000|0000000000000||
BPFDEC|07226811782|Flavia Navarro da Silva Lobato                              ||
RTRT|0000000000000|0000000000000|0000000000000|0000000000000|0000000000000|0000000000000|0000000000000|0000000120000|0000000000000|0000000078200|0000000000000|0000000000000||
RTPO|0000000000000|0000000000000|0000000000000|0000000000000|0000000000000|0000000000000|0000000000000|0000000013200|0000000000000|0000000000000|0000000000000|0000000000000||
RTDP|0000000000000|0000000000000|0000000000000|0000000000000|0000000000000|0000000000000|0000000000000|0000000017971|0000000000000|0000000017971|0000000000000|0000000000000||
BPFDEC|08299199883|Monica Lemos Amoroso                                        ||
RTRT|0000000000000|0000000000000|0000000000000|0000000000000|0000000140000|0000000000000|0000000000000|0000000000000|0000000000000|0000000067416|0000000560000|0000000000000||
RTPO|0000000000000|0000000000000|0000000000000|0000000000000|0000000015400|0000000000000|0000000000000|0000000000000|0000000000000|0000000007416|0000000048293|0000000000000||
RTIRF|0000000000000|0000000000000|0000000000000|0000000000000|0000000000000|0000000000000|0000000000000|0000000000000|0000000000000|0000000000000|0000000058104|0000000000000||
BPFDEC|08319894832|Neivaldo Augusto Zovico                                     ||
RTRT|0000000000000|0000000000000|0000000000000|0000000000000|0000000000000|0000000000000|0000000000000|0000000000000|0000000000000|0000000157303|0000000000000|0000000000000||
RTPO|0000000000000|0000000000000|0000000000000|0000000000000|0000000000000|0000000000000|0000000000000|0000000000000|0000000000000|0000000017303|0000000000000|0000000000000||
BPFDEC|09199946793|Rodrigo Barreiro Costa Pereira                              ||
RTRT|0000000000000|0000000000000|0000000000000|0000000000000|0000000000000|0000000000000|0000000000000|0000000170000|0000000000000|0000000000000|0000000000000|0000000000000||
RTDP|0000000000000|0000000000000|0000000000000|0000000000000|0000000000000|0000000000000|0000000000000|0000000017971|0000000000000|0000000000000|0000000000000|0000000000000||
BPFDEC|12953380841|Maria Rocha dos Santos                                      ||
RTRT|0000000000000|0000000000000|0000000000000|0000000000000|0000000027964|0000000027964|0000000027964|0000000000000|0000000000000|0000000000000|0000000000000|0000000000000||
RTPO|0000000000000|0000000000000|0000000000000|0000000000000|0000000007964|0000000007964|0000000003076|0000000000000|0000000000000|0000000000000|0000000000000|0000000000000||
BPFDEC|36879178863|Thyago de Souza Santos                                      ||
RTRT|0000000000000|0000000000000|0000000000000|0000000000000|0000000000000|0000000000000|0000000000000|0000000000000|0000000000000|0000000073034|0000000000000|0000000000000||
RTPO|0000000000000|0000000000000|0000000000000|0000000000000|0000000000000|0000000000000|0000000000000|0000000000000|0000000000000|0000000008034|0000000000000|0000000000000||
BPFDEC|39463063811|Gabriel Lopes Fernandes da Costa                            ||
RTRT|0000000000000|0000000000000|0000000000000|0000000000000|0000000000000|0000000000000|0000000070000|0000000000000|0000000000000|0000000000000|0000000000000|0000000000000||
RTPO|0000000000000|0000000000000|0000000000000|0000000000000|0000000000000|0000000000000|0000000007700|0000000000000|0000000000000|0000000000000|0000000000000|0000000000000||
BPFDEC|54178436104|Emerson Rodrigues de Brito                                  ||
RTRT|0000000000000|0000000000000|0000000000000|0000000000000|0000000000000|0000000000000|0000000035000|0000000000000|0000000000000|0000000000000|0000000000000|0000000000000||
RTPO|0000000000000|0000000000000|0000000000000|0000000000000|0000000000000|0000000000000|0000000003850|0000000000000|0000000000000|0000000000000|0000000000000|0000000000000||
IDREC|1708|
BPJDEC|04996301000178|1650 Comunicacao S/C Ltda                                                                                                                             |
RTRT|0000000000000|0000000000000|0000000000000|0000000000000|0000000000000|0000000000000|0000000100000|0000000000000|0000000000000|0000000000000|0000000000000|0000000000000||
RTIRF|0000000000000|0000000000000|0000000000000|0000000000000|0000000000000|0000000000000|0000000001500|0000000000000|0000000000000|0000000000000|0000000000000|0000000000000||
BPJDEC|15218632000101|CR Munoz Assessoria Educacional Ltda                                                                                                                  |
RTRT|0000000000000|0000000000000|0000000000000|0000000000000|0000000000000|0000000000000|0000000280000|0000000000000|0000000000000|0000000000000|0000000000000|0000000000000||
RTIRF|0000000000000|0000000000000|0000000000000|0000000000000|0000000000000|0000000000000|0000000004200|0000000000000|0000000000000|0000000000000|0000000000000|0000000000000||
BPJDEC|15556741000120|Fabio Henrique Alessandri Ribeiro - ME                                                                                                                |
RTRT|0000000200000|0000000109650|0000000000000|0000000136000|0000000117300|0000000155000|0000000105225|0000000080500|0000000158700|0000000095700|0000000150000|0000000114025||
RTIRF|0000000003000|0000000001645|0000000000000|0000000002040|0000000001760|0000000002325|0000000001578|0000000001208|0000000002381|0000000001435|0000000002250|0000000001710||
BPJDEC|16572788000140|Adriana Salerno Cruz 05496928605                                                                                                                      |
RTRT|0000000000000|0000000000000|0000000000000|0000000000000|0000000000000|0000000000000|0000000050000|0000000000000|0000000000000|0000000000000|0000000000000|0000000000000||
BPJDEC|17752885000188|Joao Simoncello Filho 75669005872                                                                                                                     |
RTRT|0000000000000|0000000000000|0000000000000|0000000000000|0000000000000|0000000000000|0000000000000|0000000250000|0000000125000|0000000122300|0000000000000|0000000000000||
BPJDEC|18709145000121|RG Texto e Imagem Ltda ME                                                                                                                             |
RTRT|0000000000000|0000000000000|0000000000000|0000000000000|0000000000000|0000000000000|0000000140000|0000000000000|0000000000000|0000000000000|0000000000000|0000000100000||
BPJDEC|64724974000109|Santos Muhlner Advogados Associados                                                                                                                   |
RTRT|0000000000000|0000000000000|0000000000000|0000000000000|0000000000000|0000000000000|0000000000000|0000000000000|0000000000000|0000000032950|0000000000000|0000000000000||
RTIRF|0000000000000|0000000000000|0000000000000|0000000000000|0000000000000|0000000000000|0000000000000|0000000000000|0000000000000|0000000000494|0000000000000|0000000000000||
FIMDirf|