Dirf|2014|2013|N||F8UCL6S|
RESPO|08205896836|Vitor Maradei                                               |11|964991742|||vitor@contadoramigo.com.br                        |
DECPJ|22100250000136|Empresa Teste                                                                                                                                         |0|08205896836|N|N|N|N|N|N|N||
IDREC|0561|
BPFDEC|08205896836|Vitor Maradei                                               ||
RTRT|0000000000000|0000000000000|0000000000000|0000000000000|0000000250000|0000000100000|0000000150000|0000000000000|0000000500000|0000000200000|0000002000000|0000000000000||
RTPO|0000000000000|0000000000000|0000000000000|0000000000000|0000000027500|0000000011000|0000000016500|0000000000000|0000000045749|0000000022000|0000000045749|0000000000000||
RTIRF|0000000000000|0000000000000|0000000000000|0000000000000|0000000003856|0000000000000|0000000000000|0000000000000|0000000045861|0000000000000|0000000453632|0000000000000||
RIL96|0000001500000|
IDREC|0588|
BPFDEC|33151441840|João da Silva                                              ||
RTRT|0000000000000|0000000000000|0000000000000|0000000150000|0000000000000|0000000000000|0000000000000|0000000000000|0000000000000|0000000000000|0000000000000|0000000000000||
RTPO|0000000000000|0000000000000|0000000000000|0000000016500|0000000000000|0000000000000|0000000000000|0000000000000|0000000000000|0000000000000|0000000000000|0000000000000||
RTDP|0000000000000|0000000000000|0000000000000|0000000051591|0000000000000|0000000000000|0000000000000|0000000000000|0000000000000|0000000000000|0000000000000|0000000000000||
BPFDEC|98269836834|Maria Paulina de Assis                                      ||
RTRT|0000000000000|0000000000000|0000000000000|0000000000000|0000000000000|0000000255500|0000000000000|0000000000000|0000000000000|0000000000000|0000000500000|0000000000000||
RTPO|0000000000000|0000000000000|0000000000000|0000000000000|0000000000000|0000000028105|0000000000000|0000000000000|0000000000000|0000000000000|0000000045749|0000000000000||
RTIRF|0000000000000|0000000000000|0000000000000|0000000000000|0000000000000|0000000004224|0000000000000|0000000000000|0000000000000|0000000000000|0000000045861|0000000000000||
IDREC|1708|
BPJDEC|15556700000134|Empresa fornecedora 2                                                                                                                                 |
RTRT|0000000000000|0000000000000|0000000000000|0000000000000|0000000000000|0000000000000|0000000000000|0000000300000|0000000000000|0000000000000|0000000000000|0000000000000||
BPJDEC|15556741000120|Empresa fornecedora 1                                                                                                                                 |
RTRT|0000000000000|0000000000000|0000000000000|0000000000000|0000000250000|0000000000000|0000000000000|0000000000000|0000000000000|0000000000000|0000000000000|0000000000000||
FCI|15556741000120|FABIO RIBEIRO ME                                                                                                                                      |
FIMDirf|