Dirf|2014|2013|N||F8UCL6S|
RESPO|08205896836|Vitor Maradei                                               |11|038154110|||vitor@vad.com.br                                  |
DECPJ|96533310000140|VAD - Estúdio Multimídia Ltda.                                                                                                                      |0|08205896836|N|N|N|N|N|N|N||
IDREC|0561|
BPFDEC|08205896836|Vitor Maradei                                               ||
RTRT|0000000100000|0000000100000|0000000100000|0000000433081|0000000100000|0000000100000|0000000100000|0000000100000|0000000100000|0000000100000|0000000100000|0000000100000||
RTPO|0000000011000|0000000011000|0000000011000|0000000045749|0000000011000|0000000011000|0000000011000|0000000011000|0000000011000|0000000011000|0000000011000|0000000011000||
RTDP|0000000051591|0000000051591|0000000051591|0000000051591|0000000051591|0000000051591|0000000051591|0000000051591|0000000051591|0000000051591|0000000051591|0000000051591||
RTIRF|0000000000000|0000000000000|0000000000000|0000000018301|0000000000000|0000000000000|0000000000000|0000000000000|0000000000000|0000000000000|0000000000000|0000000000000||
RIL96|0000015860743|
IDREC|0588|
BPFDEC|07226811782|Flavia Navarro da Silva Lobato                              ||
RTRT|0000000000000|0000000000000|0000000000000|0000000000000|0000000000000|0000000617230|0000000000000|0000000000000|0000000000000|0000000000000|0000000000000|0000000100000||
RTPO|0000000000000|0000000000000|0000000000000|0000000000000|0000000000000|0000000045749|0000000000000|0000000000000|0000000000000|0000000000000|0000000000000|0000000011000||
RTDP|0000000000000|0000000000000|0000000000000|0000000000000|0000000000000|0000000017197|0000000000000|0000000000000|0000000000000|0000000000000|0000000000000|0000000017197||
RTIRF|0000000000000|0000000000000|0000000000000|0000000000000|0000000000000|0000000073370|0000000000000|0000000000000|0000000000000|0000000000000|0000000000000|0000000000000||
BPFDEC|07535387845|Gilson Donato                                               ||
RTRT|0000000000000|0000000000000|0000000000000|0000000000000|0000000000000|0000000000000|0000000000000|0000000700000|0000000000000|0000000000000|0000000000000|0000000000000||
RTDP|0000000000000|0000000000000|0000000000000|0000000000000|0000000000000|0000000000000|0000000000000|0000000034394|0000000000000|0000000000000|0000000000000|0000000000000||
RTIRF|0000000000000|0000000000000|0000000000000|0000000000000|0000000000000|0000000000000|0000000000000|0000000103984|0000000000000|0000000000000|0000000000000|0000000000000||
BPFDEC|07547298850|Maria de Fátima Marques Medeiros Corradini                 ||
RTRT|0000000000000|0000000000000|0000000000000|0000000000000|0000000000000|0000000000000|0000000000000|0000000700000|0000000000000|0000000000000|0000000000000|0000000000000||
RTPO|0000000000000|0000000000000|0000000000000|0000000000000|0000000000000|0000000000000|0000000000000|0000000018971|0000000000000|0000000000000|0000000000000|0000000000000||
RTIRF|0000000000000|0000000000000|0000000000000|0000000000000|0000000000000|0000000000000|0000000000000|0000000108225|0000000000000|0000000000000|0000000000000|0000000000000||
BPFDEC|09140718824|Claudio Luis Vieira Geribello                               ||
RTRT|0000000000000|0000000000000|0000000000000|0000000000000|0000000119048|0000000000000|0000000000000|0000000000000|0000000000000|0000000000000|0000000000000|0000000000000||
RTPO|0000000000000|0000000000000|0000000000000|0000000000000|0000000013095|0000000000000|0000000000000|0000000000000|0000000000000|0000000000000|0000000000000|0000000000000||
BPFDEC|12758773899|Adriana Aguiar Guilherme                                    ||
RTRT|0000000000000|0000000000000|0000000000000|0000000000000|0000000000000|0000000000000|0000000000000|0000000700000|0000000000000|0000000000000|0000000000000|0000000000000||
RTPO|0000000000000|0000000000000|0000000000000|0000000000000|0000000000000|0000000000000|0000000000000|0000000045749|0000000000000|0000000000000|0000000000000|0000000000000||
RTIRF|0000000000000|0000000000000|0000000000000|0000000000000|0000000000000|0000000000000|0000000000000|0000000100861|0000000000000|0000000000000|0000000000000|0000000000000||
BPFDEC|13012858890|Cynthia Raquel Eufrosino Rodrigues                          ||
RTRT|0000000000000|0000000000000|0000000000000|0000000000000|0000000000000|0000000000000|0000000000000|0000000700000|0000000000000|0000000000000|0000000000000|0000000000000||
RTDP|0000000000000|0000000000000|0000000000000|0000000000000|0000000000000|0000000000000|0000000000000|0000000034394|0000000000000|0000000000000|0000000000000|0000000000000||
RTIRF|0000000000000|0000000000000|0000000000000|0000000000000|0000000000000|0000000000000|0000000000000|0000000108713|0000000000000|0000000000000|0000000000000|0000000000000||
BPFDEC|26414854867|Kátia Karina Perez Pavani Manguino da Silva                ||
RTRT|0000000000000|0000000000000|0000000000000|0000000000000|0000000000000|0000000000000|0000000000000|0000000700000|0000000000000|0000000000000|0000000000000|0000000000000||
RTDP|0000000000000|0000000000000|0000000000000|0000000000000|0000000000000|0000000000000|0000000000000|0000000017197|0000000000000|0000000000000|0000000000000|0000000000000||
RTIRF|0000000000000|0000000000000|0000000000000|0000000000000|0000000000000|0000000000000|0000000000000|0000000108713|0000000000000|0000000000000|0000000000000|0000000000000||
BPFDEC|29075290802|Heloisa Paes de Barros Arruda                               ||
RTRT|0000000000000|0000000000000|0000000000000|0000000500000|0000000000000|0000000000000|0000000000000|0000000500000|0000000000000|0000000000000|0000000000000|0000000000000||
RTPO|0000000000000|0000000000000|0000000000000|0000000045749|0000000000000|0000000000000|0000000000000|0000000000000|0000000000000|0000000000000|0000000000000|0000000000000||
RTIRF|0000000000000|0000000000000|0000000000000|0000000045919|0000000000000|0000000000000|0000000000000|0000000058442|0000000000000|0000000000000|0000000000000|0000000000000||
BPFDEC|30498985857|Aline Costa Rodrigues                                       ||
RTRT|0000000000000|0000000000000|0000000000000|0000000000000|0000000000000|0000000142857|0000000142857|0000000142857|0000000000000|0000000000000|0000000000000|0000000000000||
RTPO|0000000000000|0000000000000|0000000000000|0000000000000|0000000000000|0000000015714|0000000015714|0000000015714|0000000000000|0000000000000|0000000000000|0000000000000||
RTDP|0000000000000|0000000000000|0000000000000|0000000000000|0000000000000|0000000051591|0000000051591|0000000051591|0000000000000|0000000000000|0000000000000|0000000000000||
BPFDEC|64728005968|Sueli D Almas                                               ||
RTRT|0000000000000|0000000000000|0000000000000|0000000000000|0000000000000|0000000000000|0000000000000|0000000700000|0000000000000|0000000000000|0000000000000|0000000000000||
RTPO|0000000000000|0000000000000|0000000000000|0000000000000|0000000000000|0000000000000|0000000000000|0000000034849|0000000000000|0000000000000|0000000000000|0000000000000||
RTIRF|0000000000000|0000000000000|0000000000000|0000000000000|0000000000000|0000000000000|0000000000000|0000000103859|0000000000000|0000000000000|0000000000000|0000000000000||
BPFDEC|98269836834|Maria Paulina de Assis                                      ||
RTRT|0000000000000|0000000000000|0000000000000|0000000000000|0000000250000|0000000250000|0000000000000|0000000000000|0000000000000|0000000000000|0000000000000|0000000000000||
RTIRF|0000000000000|0000000000000|0000000000000|0000000000000|0000000005919|0000000005919|0000000000000|0000000000000|0000000000000|0000000000000|0000000000000|0000000000000||
IDREC|1708|
BPJDEC|15556741000120|Fabio Henrique Alessandri Ribeiro - ME                                                                                                                |
RTRT|0000000000000|0000000000000|0000000000000|0000000000000|0000000000000|0000000000000|0000000100000|0000000265000|0000000250000|0000000147800|0000000117000|0000000066000||
RTIRF|0000000000000|0000000000000|0000000000000|0000000000000|0000000000000|0000000000000|0000000001500|0000000003975|0000000003750|0000000002217|0000000001755|0000000000990||
BPJDEC|64724974000109|Santos Muhlner Advogados Associados                                                                                                                   |
RTRT|0000000000000|0000000000000|0000000000000|0000000000000|0000000000000|0000000150000|0000000100000|0000000100000|0000000100000|0000000100000|0000000100000|0000000100000||
RTIRF|0000000000000|0000000000000|0000000000000|0000000000000|0000000000000|0000000002250|0000000001500|0000000001500|0000000001500|0000000001500|0000000001500|0000000001500||
FIMDirf|