Dirf|2018|2017|N||Q84FV63|
RESPO|08205896836|Vitor Maradei|11|34346631|||vitor@vad.com.br|
DECPJ|96533310000140|Contador Amigo Ltda. - ME                                                                                                                             |0|08205896836|N|N|N|N|N|N|N|N||
IDREC|0561|
BPFDEC|08205896836|Vitor Maradei                                               ||
RTRT|0000000120000|0000000120000|0000000120000|0000000553131|0000000553131|0000000180000|0000000180000|0000000180000|0000000180000|0000000180000|0000000180000|0000000180000||
RTPO|0000000013200|0000000013200|0000000013200|0000000060844|0000000060844|0000000019800|0000000019800|0000000019800|0000000019800|0000000019800|0000000019800|0000000019800||
RTDP|0000000056877|0000000056877|0000000056877|0000000056877|0000000056877|0000000056877|0000000056877|0000000056877|0000000056877|0000000056877|0000000056877|0000000056877||
RTIRF|0000000000000|0000000000000|0000000000000|0000000034354|0000000034354|0000000000000|0000000000000|0000000000000|0000000000000|0000000000000|0000000000000|0000000000000||
RIPTS|0000001300000|
BPFDEC|30822393824|Juliana Neves Garcia Leal Maradei                           ||
RTRT|0000000000000|0000000000000|0000000000000|0000000312842|0000000312842|0000000120000|0000000119000|0000000119000|0000000119000|0000000119000|0000000119000|0000000119000||
RTPO|0000000000000|0000000000000|0000000000000|0000000034413|0000000034413|0000000013200|0000000013090|0000000013090|0000000013090|0000000013090|0000000013090|0000000013090||
RTIRF|0000000000000|0000000000000|0000000000000|0000000006602|0000000006602|0000000000000|0000000000000|0000000000000|0000000000000|0000000000000|0000000000000|0000000000000||
FIMDirf|