Dirf|2015|2014|N||M1LB5V2|
RESPO|08205896836|Vitor Maradei                                               |11|038154110|||vitor@vad.com.br                                  |
DECPJ|96533310000140|VAD - Estúdio Multimídia Ltda.                                                                                                                      |0|08205896836|N|N|N|N|N|N|N||
IDREC|0561|
BPFDEC|08205896836|Vitor Maradei                                               ||
RTRT|0000000100000|0000000100000|0000000100000|0000000100000|0000000100000|0000000100000|0000000100000|0000000120000|0000000120000|0000000120000|0000000120000|0000000120000||
RTPO|0000000011000|0000000011000|0000000011000|0000000011000|0000000011000|0000000011000|0000000007964|0000000013200|0000000013200|0000000013200|0000000013200|0000000013200||
RTDP|0000000053913|0000000053913|0000000053913|0000000053913|0000000053913|0000000053913|0000000053913|0000000053913|0000000053913|0000000053913|0000000053913|0000000053913||
RIL96|0000022800741|
IDREC|0588|
BPFDEC|06409470932|Carlos Alexandre Silvestri                                  ||
RTRT|0000000000000|0000000000000|0000000000000|0000000000000|0000000000000|0000000000000|0000000000000|0000000000000|0000000000000|0000000073034|0000000000000|0000000000000||
RTPO|0000000000000|0000000000000|0000000000000|0000000000000|0000000000000|0000000000000|0000000000000|0000000000000|0000000000000|0000000008034|0000000000000|0000000000000||
BPFDEC|07226811782|Flavia Navarro da Silva Lobato                              ||
RTRT|0000000000000|0000000000000|0000000000000|0000000000000|0000000000000|0000000000000|0000000000000|0000000120000|0000000000000|0000000078200|0000000000000|0000000000000||
RTPO|0000000000000|0000000000000|0000000000000|0000000000000|0000000000000|0000000000000|0000000000000|0000000013200|0000000000000|0000000000000|0000000000000|0000000000000||
RTDP|0000000000000|0000000000000|0000000000000|0000000000000|0000000000000|0000000000000|0000000000000|0000000017971|0000000000000|0000000017971|0000000000000|0000000000000||
BPFDEC|08299199883|M